#scalar simulatorNumber 
1 
#scalar t 
0.0000   
#scalar tEnd
4.0000   
#scalar dt
1.0000 
#scalar dtDump
1.000
#scalar nNeurs 
10     
#scalar nNeursExc
8 
#vector V
-50.0000 -65.0000 -50.0000 -65.0000 -65.0000 -65.0000 -65.0000 -65.0000 -65.0000 -65.0000        
#vector masks
0        0        0        0        0        0        0        0        0        0
#scalar VPeak 
30.0000 
#scalar VReset
-65.0000  
#vector I
5.0000   5.0000   5.0000   5.0000   5.0000   5.0000   5.0000   5.0000   2.0000   2.0000 
#matrix w
0.5000   0.5000   0.5000   0.5000   0.5000   0.5000   0.5000   0.5000  -1.0000  -1.0000 
0.5000   0.5000   0.5000   0.5000   0.5000   0.5000   0.5000   0.5000  -1.0000  -1.0000 
0.5000   0.5000   0.5000   0.5000   0.5000   0.5000   0.5000   0.5000  -1.0000  -1.0000 
0.5000   0.5000   0.5000   0.5000   0.5000   0.5000   0.5000   0.5000  -1.0000  -1.0000 
0.5000   0.5000   0.5000   0.5000   0.5000   0.5000   0.5000   0.5000  -1.0000  -1.0000 
0.5000   0.5000   0.5000   0.5000   0.5000   0.5000   0.5000   0.5000  -1.0000  -1.0000 
0.5000   0.5000   0.5000   0.5000   0.5000   0.5000   0.5000   0.5000  -1.0000  -1.0000 
0.5000   0.5000   0.5000   0.5000   0.5000   0.5000   0.5000   0.5000  -1.0000  -1.0000 
0.5000   0.5000   0.5000   0.5000   0.5000   0.5000   0.5000   0.5000  -1.0000  -1.0000 
0.5000   0.5000   0.5000   0.5000   0.5000   0.5000   0.5000   0.5000  -1.0000  -1.0000 
#vector U 
-10.0000 -13.0000 -10.0000 -13.0000 -13.0000 -13.0000 -13.0000 -13.0000 -13.0000 -13.0000   
#vector a 
0.0200   0.0200   0.0200   0.0200   0.0200   0.0200   0.0200   0.0200   0.1000   0.1000 
#vector b 
0.2000   0.2000   0.2000   0.2000   0.2000   0.2000   0.2000   0.2000   0.2000   0.2000 
#vector c 
-50.0000 -50.0000 -50.0000 -50.0000 -50.0000 -50.0000 -50.0000 -50.0000 -65.0000 -65.0000 
#vector d 
 2.0000   2.0000   2.0000   2.0000   2.0000   2.0000   2.0000   2.0000   2.0000   2.0000  

